31001
31005
31007
31008
31021
31023
31028
31031
31039
31043
31063
31070
31072
31076
31078
31080
31083
31086
31108
31109
31115
31121
31130
31134
31138
31141
31147
31152
31158
31159
31168
31170
31172
31175
31178
31197
31201
31218
31223
31239
31246
31247
31251
31268
31270
31274
31276
31278
31289
31294
31295
31300
31301
31302
31305
31322
31333
31343
31344
31347
31350
31363
31373
31378
31385
31386
31390
31397
31398
31412
31414
31415
31427
31430
31443
31449
31452
31456
31468
31477
31479
31482
31483
31487
31493
31494
31498
31502
31510
31513
31522
31528
31529
31531
31532
31536
31537
31539
31552
31556
31565
31585
31586
31593
