31011
31012
31014
31018
31020
31030
31034
31050
31059
31095
31110
31112
31114
31124
31131
31140
31155
31167
31174
31183
31191
31195
31198
31208
31236
31237
31241
31245
31260
31296
31314
31315
31321
31336
31342
31348
31357
31372
31376
31391
31431
31440
31447
31457
31461
31503
31504
31521
31523
31544
31545
31550
31554
31562
31591
31001
31005
31007
31008
31021
31023
31028
31031
31039
31043
31063
31070
31072
31076
31078
31080
31083
31086
31108
31109
31115
31121
31130
31134
31138
31141
31147
31152
31158
31159
31168
31170
31172
31175
31178
31197
31201
31218
31223
31239
31246
31247
31251
31268
31270
31274
31276
31278
31289
31294
31295
31300
31301
31302
31305
31322
31333
31343
31344
31347
31350
31363
31373
31378
31385
31386
31390
31397
31398
31412
31414
31415
31427
31430
31443
31449
31452
31456
31468
31477
31479
31482
31483
31487
31493
31494
31498
31502
31510
31513
31522
31528
31529
31531
31532
31536
31537
31539
31552
31556
31565
31585
31586
31593
31009
31010
31013
31015
31017
31019
31040
31041
31042
31045
31046
31064
31067
31068
31081
31085
31092
31123
31125
31127
31129
31132
31133
31139
31142
31143
31144
31146
31176
31177
31190
31199
31200
31207
31213
31217
31221
31222
31224
31235
31238
31242
31244
31255
31290
31306
31308
31313
31316
31323
31335
31337
31360
31369
31394
31404
31405
31408
31426
31432
31434
31465
31470
31471
31472
31500
31508
31509
31524
31535
31542
31548
31549
31559
31564
31590
